%YAML:1.0

#camera calibration 
model_type: MEI
camera_name: camera
image_width: 1280
image_height: 960
mirror_parameters:
   xi: 1.7668989774186101
distortion_parameters:
   k1: -0.0982253999263517
   k2: 0.11694029405469884
   p1: -0.00011437603929821573
   p2: -0.00489509708490966
projection_parameters:
   gamma1: 840.7517267665538
   gamma2: 753.2509367205932
   u0: 640.3867187257891
   v0: 483.95547527295696
